name: cp-vton
channels:
  - pytorch
  - defaults
dependencies:
  - blas=1.0=mkl
  - ca-certificates=2019.1.23=0
  - certifi=2018.8.24=py35_1
  - cffi=1.11.5=py35he75722e_1
  - cuda75=1.0=hf2493ae_0
  - cuda90=1.0=h6433d27_0
  - cudatoolkit=9.0=h13b8566_0
  - cudnn=7.3.1=cuda9.0_0
  - freetype=2.9.1=h8a8886c_1
  - intel-openmp=2019.3=199
  - jpeg=9b=h024ee3a_2
  - libedit=3.1.20181209=hc058e9b_0
  - libffi=3.2.1=hd88cf55_4
  - libgcc-ng=8.2.0=hdf63c60_1
  - libgfortran-ng=7.3.0=hdf63c60_0
  - libpng=1.6.37=hbc83047_0
  - libstdcxx-ng=8.2.0=hdf63c60_1
  - libtiff=4.0.10=h2733197_2
  - mkl=2018.0.3=1
  - mkl_fft=1.0.6=py35h7dd41cf_0
  - mkl_random=1.0.1=py35h4414c95_1
  - nccl=1.3.5=cuda9.0_0
  - ncurses=6.1=he6710b0_1
  - ninja=1.8.2=py35h6bb024c_1
  - numpy=1.15.2=py35h1d66e8a_0
  - numpy-base=1.15.2=py35h81de0dd_0
  - olefile=0.46=py35_0
  - openssl=1.0.2r=h7b6447c_0
  - pillow=5.2.0=py35heded4f4_0
  - pip=10.0.1=py35_0
  - pycparser=2.19=py35_0
  - python=3.5.6=hc3d631a_0
  - pytorch=0.4.1=py35_py27__9.0.176_7.1.2_2
  - readline=7.0=h7b6447c_5
  - setuptools=40.2.0=py35_0
  - six=1.11.0=py35_1
  - sqlite=3.28.0=h7b6447c_0
  - tk=8.6.8=hbc83047_0
  - torchvision=0.2.1=py_2
  - wheel=0.31.1=py35_0
  - xz=5.2.4=h14c3975_4
  - zlib=1.2.11=h7b6447c_3
  - zstd=1.3.7=h0b5b093_0
  - pip:
    - absl-py==0.7.1
    - bleach==1.5.0
    - chardet==3.0.4
    - cython==0.29.8
    - grpcio==1.21.1
    - html5lib==0.9999999
    - idna==2.8
    - markdown==3.1.1
    - protobuf==3.7.1
    - pyyaml==5.1
    - requests==2.22.0
    - tensorboard==1.6.0
    - tensorboard-pytorch==0.7.1
    - tensorboardx==1.1
    - urllib3==1.25.3
    - werkzeug==0.15.4